Fold: 0

       0    1    2    3    4    5    6    7    8    9   ...       37       38  \
0     0.0  0.0  0.0  0.0  0.0  0.0  0.0  0.0  0.0  0.0  ...   88.755   70.400   
1     0.0  0.0  0.0  0.0  0.0  1.0  0.0  0.0  0.0  0.0  ...   50.863   47.287   
2     0.0  0.0  0.0  0.0  0.0  0.0  0.0  0.0  0.0  0.0  ...  141.479  131.721   
3     0.0  0.0  0.0  0.0  0.0  0.0  0.0  0.0  0.0  0.0  ...  102.409   82.153   
4     0.0  0.0  0.0  0.0  0.0  0.0  0.0  0.0  0.0  0.0  ...  311.633  309.696   
...   ...  ...  ...  ...  ...  ...  ...  ...  ...  ...  ...      ...      ...   
1395  0.0  0.0  0.0  0.0  0.0  0.0  0.0  0.0  0.0  0.0  ...  211.055  201.609   
1396  0.0  0.0  0.0  0.0  0.0  0.0  0.0  0.0  0.0  0.0  ...  152.146  143.734   
1397  0.0  0.0  0.0  0.0  0.0  0.0  0.0  0.0  0.0  0.0  ...  106.446  105.943   
1398  0.0  0.0  0.0  0.0  0.0  0.0  0.0  0.0  0.0  0.0  ...  278.760  224.489   
1399  0.0  0.0  0.0  0.0  0.0  0.0  0.0  0.0  0.0  0.0  ...  171.083  160.417   

           39       40       41       42     43     44     45   46  
0      68.099   67.772   60.721   52.829  -2.55 -100.0 -100.0  0.0  
1      39.666   32.125   31.622   29.827  24.25 -100.0 -100.0  0.0  
2      96.028   90.554   88.947   84.952  -7.63 -100.0 -100.0  0.0  
3      79.527   57.201   41.902   30.654  -6.08 -100.0 -100.0  0.0  
4     289.129  285.291  260.528  224.968  -4.71 -100.0 -100.0  0.0  
...       ...      ...      ...      ...    ...    ...    ...  ...  
1395  183.262  124.748   98.570   84.791 -16.67 -100.0 -100.0  0.0  
1396  134.615  121.740  107.786   96.452  -3.48 -100.0 -100.0  0.0  
1397   67.404   52.431   50.834   49.982  -6.17 -100.0 -100.0  0.0  
1398  190.605  184.816  174.434  158.088 -14.02 -100.0 -100.0  0.0  
1399  158.277  150.109  148.360  134.120 -10.55 -100.0 -100.0  0.0  

[1400 rows x 47 columns]


Fold: 1

       0    1    2    3    4    5    6    7    8    9   ...       37       38  \
0     0.0  0.0  0.0  0.0  0.0  0.0  0.0  0.0  0.0  0.0  ...   88.755   70.400   
1     0.0  0.0  0.0  0.0  0.0  0.0  0.0  0.0  0.0  0.0  ...   78.394   62.592   
2     0.0  0.0  0.0  0.0  0.0  0.0  0.0  0.0  0.0  0.0  ...  141.479  131.721   
3     0.0  0.0  0.0  0.0  0.0  0.0  0.0  0.0  0.0  0.0  ...  102.409   82.153   
4     0.0  0.0  0.0  0.0  0.0  0.0  0.0  0.0  0.0  0.0  ...  171.777  123.517   
...   ...  ...  ...  ...  ...  ...  ...  ...  ...  ...  ...      ...      ...   
1395  0.0  0.0  0.0  0.0  0.0  0.0  0.0  0.0  0.0  0.0  ...  211.055  201.609   
1396  0.0  0.0  0.0  0.0  0.0  0.0  0.0  0.0  0.0  0.0  ...   66.264   44.793   
1397  0.0  0.0  0.0  0.0  0.0  0.0  0.0  0.0  0.0  0.0  ...  106.446  105.943   
1398  0.0  0.0  0.0  0.0  0.0  0.0  0.0  0.0  0.0  0.0  ...  160.358  155.635   
1399  0.0  0.0  0.0  0.0  0.0  0.0  0.0  0.0  0.0  0.0  ...   61.397   58.579   

           39       40       41       42       43        44     45   46  
0      68.099   67.772   60.721   52.829    -2.55 -100.0000 -100.0  0.0  
1      42.617   39.221   36.892   33.364  1625.88    3.7750 -100.0  0.0  
2      96.028   90.554   88.947   84.952    -7.63 -100.0000 -100.0  0.0  
3      79.527   57.201   41.902   30.654    -6.08 -100.0000 -100.0  0.0  
4     108.182  105.220  101.671   83.045    74.23   -1.4282 -100.0  0.0  
...       ...      ...      ...      ...      ...       ...    ...  ...  
1395  183.262  124.748   98.570   84.791   -16.67 -100.0000 -100.0  0.0  
1396   44.157   43.419   43.086   35.899   -11.36    2.4606 -100.0  0.0  
1397   67.404   52.431   50.834   49.982    -6.17 -100.0000 -100.0  0.0  
1398  117.314  116.603  115.474  107.125     1.88 -100.0000 -100.0  0.0  
1399   52.978   52.056   49.412   41.011    -9.68 -100.0000 -100.0  0.0  

[1400 rows x 47 columns]


Fold: 2

       0    1    2    3    4    5    6    7    8    9   ...       37       38  \
0     0.0  0.0  0.0  0.0  0.0  0.0  0.0  0.0  0.0  0.0  ...   88.755   70.400   
1     0.0  0.0  0.0  0.0  0.0  0.0  0.0  0.0  0.0  0.0  ...   78.394   62.592   
2     0.0  0.0  0.0  0.0  0.0  0.0  0.0  0.0  0.0  0.0  ...   36.641   35.332   
3     0.0  0.0  0.0  0.0  0.0  0.0  0.0  0.0  0.0  0.0  ...  141.479  131.721   
4     0.0  0.0  0.0  0.0  0.0  0.0  0.0  0.0  0.0  0.0  ...  109.724  102.308   
...   ...  ...  ...  ...  ...  ...  ...  ...  ...  ...  ...      ...      ...   
1395  0.0  0.0  0.0  0.0  0.0  0.0  0.0  0.0  0.0  0.0  ...  106.446  105.943   
1396  0.0  0.0  0.0  0.0  0.0  0.0  0.0  0.0  0.0  0.0  ...  278.760  224.489   
1397  0.0  0.0  0.0  0.0  0.0  0.0  0.0  0.0  0.0  0.0  ...  160.358  155.635   
1398  0.0  0.0  0.0  0.0  0.0  0.0  0.0  0.0  0.0  0.0  ...  171.083  160.417   
1399  0.0  0.0  0.0  0.0  0.0  0.0  0.0  0.0  0.0  0.0  ...   87.392   75.789   

           39       40       41       42       43       44        45   46  
0      68.099   67.772   60.721   52.829    -2.55 -100.000 -100.0000  0.0  
1      42.617   39.221   36.892   33.364  1625.88    3.775 -100.0000  0.0  
2      33.811   30.525   28.448   23.301    34.01 -100.000 -100.0000  0.0  
3      96.028   90.554   88.947   84.952    -7.63 -100.000 -100.0000  0.0  
4     100.674   77.115   61.756   57.520   167.74 -100.000 -100.0000  0.0  
...       ...      ...      ...      ...      ...      ...       ...  ...  
1395   67.404   52.431   50.834   49.982    -6.17 -100.000 -100.0000  0.0  
1396  190.605  184.816  174.434  158.088   -14.02 -100.000 -100.0000  0.0  
1397  117.314  116.603  115.474  107.125     1.88 -100.000 -100.0000  0.0  
1398  158.277  150.109  148.360  134.120   -10.55 -100.000 -100.0000  0.0  
1399   70.100   66.760   59.802   59.536    54.82 -100.000    3.6032  0.0  

[1400 rows x 47 columns]


Fold: 3

       0    1    2    3    4    5    6    7    8    9   ...       37       38  \
0     0.0  0.0  0.0  0.0  0.0  0.0  0.0  0.0  0.0  0.0  ...   88.755   70.400   
1     0.0  0.0  0.0  0.0  0.0  1.0  0.0  0.0  0.0  0.0  ...   50.863   47.287   
2     0.0  0.0  0.0  0.0  0.0  0.0  0.0  0.0  0.0  0.0  ...  141.479  131.721   
3     0.0  0.0  0.0  0.0  0.0  0.0  0.0  0.0  0.0  0.0  ...  102.409   82.153   
4     0.0  0.0  0.0  0.0  0.0  0.0  0.0  0.0  0.0  0.0  ...  311.633  309.696   
...   ...  ...  ...  ...  ...  ...  ...  ...  ...  ...  ...      ...      ...   
1395  0.0  0.0  0.0  0.0  0.0  0.0  0.0  0.0  0.0  0.0  ...  152.146  143.734   
1396  0.0  0.0  0.0  0.0  0.0  0.0  0.0  0.0  0.0  0.0  ...  106.446  105.943   
1397  0.0  0.0  0.0  0.0  0.0  0.0  0.0  0.0  0.0  0.0  ...   82.545   68.339   
1398  0.0  0.0  0.0  0.0  0.0  0.0  0.0  0.0  0.0  0.0  ...   35.178   26.403   
1399  0.0  0.0  0.0  0.0  0.0  0.0  0.0  0.0  0.0  0.0  ...  171.083  160.417   

           39       40       41       42     43     44     45   46  
0      68.099   67.772   60.721   52.829  -2.55 -100.0 -100.0  0.0  
1      39.666   32.125   31.622   29.827  24.25 -100.0 -100.0  0.0  
2      96.028   90.554   88.947   84.952  -7.63 -100.0 -100.0  0.0  
3      79.527   57.201   41.902   30.654  -6.08 -100.0 -100.0  0.0  
4     289.129  285.291  260.528  224.968  -4.71 -100.0 -100.0  0.0  
...       ...      ...      ...      ...    ...    ...    ...  ...  
1395  134.615  121.740  107.786   96.452  -3.48 -100.0 -100.0  0.0  
1396   67.404   52.431   50.834   49.982  -6.17 -100.0 -100.0  0.0  
1397   60.090   59.975   45.812   43.125  -3.65 -100.0 -100.0  0.0  
1398   24.308   22.622   17.026   15.898  -3.89 -100.0 -100.0  0.0  
1399  158.277  150.109  148.360  134.120 -10.55 -100.0 -100.0  0.0  

[1400 rows x 47 columns]


Fold: 4

       0    1    2    3    4    5    6    7    8    9   ...       37       38  \
0     0.0  0.0  0.0  0.0  0.0  0.0  0.0  0.0  0.0  0.0  ...   88.755   70.400   
1     0.0  0.0  0.0  0.0  0.0  0.0  0.0  0.0  0.0  0.0  ...   78.394   62.592   
2     0.0  0.0  0.0  0.0  0.0  0.0  0.0  0.0  0.0  0.0  ...  141.479  131.721   
3     0.0  0.0  0.0  0.0  0.0  0.0  0.0  0.0  0.0  0.0  ...  102.409   82.153   
4     0.0  0.0  0.0  0.0  0.0  0.0  0.0  0.0  0.0  0.0  ...  311.633  309.696   
...   ...  ...  ...  ...  ...  ...  ...  ...  ...  ...  ...      ...      ...   
1395  0.0  0.0  0.0  0.0  0.0  0.0  0.0  0.0  0.0  0.0  ...  106.446  105.943   
1396  0.0  0.0  0.0  0.0  0.0  0.0  0.0  0.0  0.0  0.0  ...  278.760  224.489   
1397  0.0  0.0  0.0  0.0  0.0  0.0  0.0  0.0  0.0  0.0  ...  160.358  155.635   
1398  0.0  0.0  0.0  0.0  0.0  0.0  0.0  0.0  0.0  0.0  ...   82.545   68.339   
1399  0.0  0.0  0.0  0.0  0.0  0.0  0.0  0.0  0.0  0.0  ...   35.178   26.403   

           39       40       41       42       43       44     45   46  
0      68.099   67.772   60.721   52.829    -2.55 -100.000 -100.0  0.0  
1      42.617   39.221   36.892   33.364  1625.88    3.775 -100.0  0.0  
2      96.028   90.554   88.947   84.952    -7.63 -100.000 -100.0  0.0  
3      79.527   57.201   41.902   30.654    -6.08 -100.000 -100.0  0.0  
4     289.129  285.291  260.528  224.968    -4.71 -100.000 -100.0  0.0  
...       ...      ...      ...      ...      ...      ...    ...  ...  
1395   67.404   52.431   50.834   49.982    -6.17 -100.000 -100.0  0.0  
1396  190.605  184.816  174.434  158.088   -14.02 -100.000 -100.0  0.0  
1397  117.314  116.603  115.474  107.125     1.88 -100.000 -100.0  0.0  
1398   60.090   59.975   45.812   43.125    -3.65 -100.000 -100.0  0.0  
1399   24.308   22.622   17.026   15.898    -3.89 -100.000 -100.0  0.0  

[1400 rows x 47 columns]


