0.282
0.213
0.049
0.201
0.271
0.172
0.030
0.171
0.303
0.150
0.280
0.062
0.030
0.144
0.289
0.266
0.034
0.013
0.160
0.042
0.175
0.309
0.020
0.328
0.347
0.157
0.018
0.031
0.072
0.218
0.103
0.254
0.089
0.120
0.035
0.159
0.196
0.311
0.105
0.226
0.229
0.165
0.321
0.143
0.144
0.044
0.176
0.256
0.213
0.298
0.074
0.263
0.335
0.106
0.126
0.234
0.175
0.186
0.038
0.167
0.052
0.114
0.192
0.198
0.281
0.214
0.176
0.340
0.009
0.311
0.154
0.055
0.100
0.250
0.210
0.189
0.207
0.107
0.063
0.216
0.263
0.306
0.299
0.268
0.063
0.345
0.350
0.341
0.233
0.020
0.340
0.169
0.341
0.230
0.308
0.152
0.202
0.010
0.179
0.126
0.064
0.048
0.123
0.317
0.314
0.068
0.200
0.333
0.137
0.046
0.174
0.215
0.324
0.327
0.150
0.009
0.325
0.142
0.347
0.130
0.210
0.209
0.179
0.006
0.078
0.070
0.208
0.183
0.095
0.267
0.171
0.225
0.196
0.309
0.106
0.124
0.341
0.326
0.108
0.313
0.104
0.331
0.267
0.214
0.312
0.118
0.299
0.086
0.025
0.219
0.255
0.323
0.197
0.326
0.330
0.130
0.296
0.126
0.341
0.136
0.149
0.327
0.326
0.220
0.154
0.066
0.281
0.177
0.272
0.116
0.285
0.311
0.204
0.198
0.105
0.265
0.083
0.085
0.033
0.298
0.009
0.322
0.014
0.223
0.184
0.019
0.086
0.023
0.323
0.299
0.186
0.271
0.284
0.005
0.348
0.087
0.360
0.252
0.054
0.253
0.153
0.172
0.144
0.314
0.265
0.217
0.229
0.310
0.088
0.000
0.063
0.344
0.317
0.148
0.225
0.139
0.150
0.366
0.196
0.066
0.234
0.066
0.328
0.329
0.205
0.309
0.233
0.162
0.351
0.325
0.266
0.085
0.132
0.282
0.062
0.260
0.063
0.352
0.296
0.118
0.320
0.336
0.326
0.039
0.339
0.089
0.053
0.248
0.154
0.308
0.086
0.264
0.005
0.021
0.348
0.100
0.210
0.351
0.174
0.206
0.053
0.012
0.149
0.017
0.293
0.302
0.072
0.012
0.282
0.198
0.244
0.204
0.107
0.150
0.174
0.175
0.084
0.296
0.018
0.265
0.176
0.084
0.016
0.309
0.070
0.072
0.214
0.187
0.319
0.287
0.164
0.004
0.161
0.131
0.015
0.005
0.300
0.163
0.076
0.181
0.294
0.284
0.175
0.233
0.270
0.032
0.172
0.152
0.167
0.092
0.007
0.171
0.178
0.161
0.277
0.247
0.067
0.039
0.313
0.326
0.166
0.031
0.157
0.122
0.075
0.263
0.310
0.335
0.220
0.312
0.188
0.351
0.061
0.046
0.209
0.002
0.312
0.155
0.213
0.096
0.065
0.182
0.174
0.083
0.126
0.016
0.211
0.047
0.241
0.030
0.179
0.047
0.043
0.200
0.130
0.188
0.202
0.109
0.170
0.018
0.253
0.288
0.031
0.009
0.183
0.011
0.272
0.271
0.002
0.205
0.235
0.207
0.340
0.040
0.289
0.261
0.287
0.162
0.152
0.043
0.160
0.160
0.213
0.185
0.077
0.066
0.315
0.229
0.022
0.298
0.025
0.016
0.077
0.079
0.274
0.207
0.196
0.061
0.022
0.147
0.223
0.195
0.182
0.285
0.183
0.082
0.194
0.341
0.150
0.198
0.113
0.097
0.099
0.315
0.112
0.332
0.092
0.275
0.065
0.131
0.083
0.016
0.228
0.217
0.254
0.350
0.333
0.223
0.043
0.239
0.123
0.218
0.018
0.316
0.294
0.038
0.340
0.031
0.074
0.154
0.034
0.004
0.140
0.239
0.286
0.302
0.182
0.092
0.222
0.100
0.188
0.299
0.283
0.321
0.331
0.147
0.059
0.071
0.244
0.243
0.308
0.209
0.163
0.309
0.117
0.271
0.341
0.083
0.111
0.239
0.101
0.310
0.133
0.260
0.211
0.019
0.161
0.225
0.256
0.180
0.152
0.338
0.338
0.333
0.021
0.203
0.096
0.222
0.015
0.160
0.336
0.272
0.142
0.119
0.323
0.244
0.119
0.126
0.071
0.328
0.023
0.184
0.255
0.181
0.342
0.052
0.098
0.295
0.300
0.262
0.203
0.073
0.320
0.132
0.136
0.076
0.128
0.028
0.301
0.258
0.349
0.100
0.215
0.326
0.317
0.251
0.006
0.022
0.113
0.004
0.059
0.193
0.194
0.056
0.013
0.062
0.084
0.214
